delta d 1 = 0.000940+/-0.000008 m
anz1 = 3000.7+/-0.8
Lambda = (6.26+/-0.05)e-07 m 
anz2 = 24.0+/-0.6
delta n = 0.000150+/-0.000004
n = 1.000272+/-0.000008