a)
	Rx1= 319.8+/-1.2 Ohm
	 Rx2= 899+/-9 Ohm

b)
	Rx= (5.1+/-0.4)e+02 Ohm
	Cx= (2.93+/-0.26)e-07 Farad

c)
	Rx= 100+/-4 Ohm
	Lx= 0.0269+/-0.0008 Henry

d)
	Rx= 98.9+/-1.8 Ohm
	Lx= 0.00696+/-0.00015 Henry

Omega0= 1/RC = 2380.9523809523807 

Omega0_exp= 2513.2741228718346

f)
	Klirrfaktor k= 0.16322147651006713