	U02 = [3.74917858] Fehler: [0.16980685] 
	U03 = [3.8635421] Fehler: [0.09186836]
	 Steigung, Y-Abschnitt:	[-2.09381771 -1.47920692]
	Fehler:	[0.01630801 0.06345398] 