	U02 = [3.78739042 0.14217059] Fehler: [0.09510709 0.02703941] 
	U03 = [3.86822645 0.0492184 ] Fehler: [0.07992134 0.02230805]
	 Steigung, Y-Abschnitt:	[-2.09381771 -1.47920692]
	Fehler:	[0.01630801 0.06345398] 