Maxwell'sches Rad

a_exp= 0.005351221290068223 +- 0.0004936715878543131m/s^2
a_theo= 9.809999787401031 m/s^2

Abrollradius= 0.003278591827693044 m
Trägheitsmoment: I= 0.0008829874609672864kg m^2
