Maxwell'sches Rad

a_exp= 0.02140488516027289 +- 0.0019746863514172523m/s^2
a_theo= 0.05202557926332798 m/s^2

Abrollradius= 0.003278591827693044 m
Trägheitsmoment: I= 0.0008829874609672864kg m^2
