Maxwell'sches Rad

a_exp= 0.010702442580136445 +- 0.0009873431757086262m/s^2
a_theo= 9.809999787401031 m/s^2

Abrollradius= 0.003278591827693044 m
Trägheitsmoment: I= 0.0008829874609672864kg m^2
